6 7 10 11 12 13 16 17 

7 11 12 13 15 16 17 
7 11 12 13 15 16 17 
7 11 12 13 15 16 17 
2 3 6 7 8 9 10 11 12 13 15 16 17 
3 6 7 8 9 10 11 12 13 15 16 17 
6 8 9 10 11 12 13 14 15 16 17 
7 11 15 
3 7 8 11 12 15 16 
2 3 6 7 8 11 12 15 16 
2 3 6 7 8 10 11 12 15 16 
2 3 6 7 8 10 11 12 15 16 
2 3 6 7 8 10 11 12 14 15 16 
2 6 7 8 10 11 12 15 
6 7 10 11 
6 7 8 10 11 12 
6 7 10 11 
6 7 10 11 14 15 
6 7 10 11 
6 7 10 11 14 15 
6 7 10 11 14 15 
2 3 6 7 10 11 14 15 
2 3 6 7 10 11 14 15 
6 7 10 11 14 15 
2 3 6 7 10 11 14 15 
2 3 6 7 
2 3 6 7 10 11 14 15 
2 3 6 7 10 11 14 15 
2 3 6 7 
