6 8 9 10 12 13 14 16 17 
8 9 12 13 16 17 
3 4 7 8 9 11 12 13 15 16 17 
3 4 7 8 9 11 12 13 15 16 
3 4 5 7 8 9 11 12 13 15 16 17 
7 8 11 12 15 16 
7 8 9 11 13 15 
3 7 8 9 11 12 13 15 
6 7 8 10 11 12 14 15 
6 7 8 10 11 12 14 15 
6 7 8 10 11 12 15 16 
3 4 6 7 8 10 11 12 15 16 
3 4 6 7 8 9 10 11 12 13 15 16 
3 4 6 7 8 9 10 11 12 13 15 16 17 
4 5 6 7 8 9 10 11 12 13 16 17 
4 5 6 7 8 9 10 11 12 13 16 17 
4 5 7 8 9 11 12 13 16 17 
6 7 8 9 11 12 13 16 17 
7 8 9 11 
6 7 8 9 10 11 12 
7 8 9 11 12 
7 8 9 11 12 
7 8 11 12 
7 8 9 11 12 13 16 17 
3 4 5 7 8 9 11 12 13 15 16 17 
3 4 6 7 8 10 11 12 15 16 
3 4 7 8 11 12 15 16 
3 4 7 8 9 11 12 13 15 16 17 
3 4 7 8 9 11 12 13 15 16 17 
3 7 8 9 11 12 13 15 16 17 
